0.9883142709732056
0.7455228567123413
0.6871852278709412
0.7218009829521179
0.616369366645813
0.7039844393730164
0.7849817872047424
0.6159536242485046
0.8122202157974243
0.6326852440834045
0.6490185856819153
0.6917373538017273
0.7189568281173706
1.0
0.7572571039199829
0.7595623731613159
0.6541997194290161
0.7447272539138794
0.6029145121574402
0.7838306427001953
0.806350588798523
0.6788272857666016
0.7815653085708618
0.6474464535713196
0.6940157413482666
0.6852076053619385
0.7721421718597412
0.5945083498954773
0.7104811668395996
0.6257191896438599
0.6789997816085815
0.628704309463501
0.6833955645561218
0.6872930526733398
0.7795765399932861
0.8570319414138794
0.6680381298065186
0.7238731384277344
0.716357946395874
0.6063965559005737
0.7269144654273987
0.6199941635131836
0.7705386281013489
0.6988447904586792
0.6815716624259949
0.7893237471580505
0.7466343641281128
0.7873406410217285
0.8878408074378967
0.6998839974403381
0.714974045753479
0.9111403822898865
0.6352096796035767
0.8370263576507568
0.6394215226173401
0.6497690677642822
0.7573091983795166
0.6630051732063293
0.6999449133872986
0.6315072774887085
0.8183132410049438
0.6961573958396912
0.6935909986495972
0.6473408937454224
0.7166949510574341
0.671644926071167
0.8136060237884521
0.7080028057098389
0.6710324287414551
0.6998661160469055
0.720693051815033
0.6498111486434937
0.740627110004425
0.7158999443054199
0.6442700028419495
0.6497551798820496
0.6848709583282471
0.6661444306373596
0.7531733512878418
0.6779718399047852
0.7730065584182739
0.7319129109382629
0.7711187601089478
0.7753691077232361
0.7091138362884521
0.7421320676803589
0.7430005073547363
0.7239611148834229
0.6427942514419556
0.6404606103897095
0.8285919427871704
0.6335412263870239
0.6604392528533936
0.7726272344589233
0.6383302211761475
0.6975265741348267
0.6387578845024109
0.6634671688079834
0.7880265712738037
0.6949905753135681
0.7133890390396118
0.7005988359451294
0.7289676666259766
0.6855542659759521
0.626046895980835
0.9582943916320801
0.6878676414489746
0.7611507177352905
0.6543906927108765
0.7386611700057983
0.7292379140853882
0.6713622808456421
0.5848312973976135
0.6792012453079224
0.6432322263717651
0.8041069507598877
0.6973295211791992
0.6501446962356567
0.6551201343536377
0.6286629438400269
0.6989385485649109
0.6855354309082031
0.7153080105781555
0.8117531538009644
0.6788517832756042
0.6744510531425476
0.6721916198730469
0.7457945346832275
0.6702784299850464
0.7387958765029907
0.5877418518066406
0.7057091593742371
0.6665904521942139
0.7740618586540222
0.659867525100708
0.8687148690223694
0.7905910015106201
0.7487297058105469
0.7092992663383484
0.6533223986625671
0.6847490668296814
0.6974098682403564
0.7267342209815979
0.8266683220863342
0.8122494220733643
0.7069932818412781
0.7522553205490112
0.6722986102104187
0.7299001216888428
0.6195540428161621
0.6931643486022949
0.6942429542541504
0.6816815137863159
0.5951728224754333
0.7099127769470215
0.6634794473648071
0.6700273752212524
0.6614207029342651
0.7049460411071777
0.6814191937446594
0.7159668207168579
0.758346438407898
0.5938546657562256
0.8273576498031616
0.5721754431724548
0.6394520401954651
0.738600492477417
0.8075018525123596
0.6621831655502319
0.6654887795448303
0.7510409951210022
0.6427360773086548
0.6832948923110962
0.7392019033432007
0.644554853439331
0.7245998978614807
0.6226805448532104
0.7248885631561279
0.7137341499328613
0.7927298545837402
0.7490354180335999
0.6400195360183716
0.7868749499320984
0.7305706739425659
0.6561878323554993
0.7064366340637207
0.7219628691673279
0.6880679726600647
0.7456916570663452
0.795520544052124
0.6144397854804993
0.5985734462738037
0.7853710651397705
0.6843531131744385
0.7658945918083191
0.6908308863639832
0.6875414252281189
0.7086055278778076
0.5985892415046692
0.6278122663497925
0.7624776363372803
0.6120842695236206
0.6149990558624268
0.649379551410675
0.7570760846138
0.6420774459838867
0.6859010457992554
0.7606949210166931
0.7236971855163574
0.8155688047409058
0.7772977352142334
0.772966742515564
0.7780508995056152
0.6538657546043396
0.7173089981079102
0.6943897604942322
0.8670624494552612
0.6483909487724304
0.696429967880249
0.7115045189857483
0.7832417488098145
0.7232131361961365
0.7407475113868713
0.6929295063018799
0.6889650821685791
0.7016113996505737
0.6926908493041992
0.7371102571487427
0.7519204616546631
0.6181665658950806
0.6435479521751404
0.8333741426467896
0.7410317659378052
0.6512967348098755
0.7045935392379761
0.6610980033874512
0.7008374333381653
0.8136885166168213
0.7988990545272827
0.6257439851760864
0.7415005564689636
0.6895980834960938
0.6873407363891602
0.711620569229126
0.6635423898696899
0.6295461654663086
0.716734766960144
0.7376620769500732
0.7416010499000549
0.7432115077972412
0.7218853831291199
0.693042516708374
0.606957733631134
0.6614794731140137
0.6886609196662903
0.6412809491157532
0.6478421092033386
0.7474567890167236
0.6530868411064148
0.7337167859077454
0.6462327837944031
0.7317925691604614
0.6981408596038818
0.6433921456336975
0.6803617477416992
0.67768394947052
0.698211669921875
0.7163553833961487
0.773221492767334
0.707234799861908
0.7325832843780518
0.7145814299583435
0.6406678557395935
0.7345461845397949
0.8188890814781189
0.7065167427062988
0.7248200178146362
0.7292378544807434
0.7454963326454163
0.6898201107978821
0.6788071393966675
0.6632106900215149
0.6884741187095642
0.800255298614502
0.8229995965957642
0.6939032077789307
0.7181699872016907
0.7678498029708862
0.6744975447654724
0.6231316328048706
0.6735341548919678
0.6767306327819824
0.8798049688339233
0.7365307807922363
0.7940981388092041
0.6518242955207825
0.7736452221870422
0.7059462070465088
0.8110255002975464
0.6477557420730591
0.852099597454071
0.710845947265625
0.8464927673339844
0.7872939109802246
0.6725135445594788
0.6939485669136047
0.6529620885848999
0.6799819469451904
0.7902542352676392
0.6647703647613525
0.7550317645072937
0.6978374719619751
0.6921469569206238
0.6798644661903381
0.7150141000747681
0.6485648155212402
0.7036134004592896
0.7643624544143677
0.7026785612106323
0.6404194235801697
0.690363883972168
0.6624603271484375
0.6819289922714233
0.69684237241745
0.7693213224411011
0.6530128121376038
0.8506738543510437
0.7607515454292297
0.663180410861969
0.6353288888931274
0.7380110025405884
0.6938377022743225
0.7034683227539062
0.7579702138900757
0.5883094072341919
0.6508054137229919
0.6283532977104187
0.7022141814231873
0.7374567985534668
0.7462329268455505
0.690804660320282
0.8020967245101929
0.7317259311676025
0.6504002213478088
0.6803193092346191
0.7831946015357971
0.6757605075836182
0.6323429346084595
0.6626597046852112
0.7805709838867188
0.7984534502029419
0.7316100001335144
0.640783429145813
0.717272162437439
0.6762274503707886
0.6608811616897583
0.8072136640548706
0.6675626039505005
0.7005545496940613
0.6504324674606323
0.6723605394363403
0.6591532826423645
0.6426563262939453
0.7182086706161499
0.6949295997619629
0.6437423825263977
0.8222683668136597
0.7319949865341187
0.7497705221176147
0.6498660445213318
0.6945691108703613
0.7605924606323242
0.7152227163314819
0.6861475706100464
0.7188002467155457
0.6198681592941284
0.7089536190032959
0.7794665098190308
0.6869634389877319
0.630775511264801
0.8048548102378845
0.6562488079071045
0.6972507834434509
0.6403988599777222
0.6277939081192017
0.6901372075080872
0.7778133749961853
0.6565930843353271
0.7537974715232849
0.7278380990028381
0.7307827472686768
0.7336419820785522
0.628907322883606
0.7644205093383789
0.7217828035354614
0.7114635109901428
0.6561313271522522
0.6485084891319275
0.7741978168487549
0.636196494102478
0.6697762608528137
0.6472447514533997
0.7060521841049194
0.667206346988678
0.6870868802070618
0.7882627248764038
0.7280915379524231
0.6978336572647095
0.7656874656677246
0.7024505138397217
0.7866958379745483
0.8708483576774597
0.6539715528488159
0.7593338489532471
0.6531305909156799
0.7356809377670288
0.7083759307861328
0.7337649464607239
0.5772130489349365
0.6890840530395508
0.7187395095825195
0.7469713687896729
0.7922037839889526
0.725810170173645
0.6695806384086609
0.581165075302124
0.7132060527801514
0.6705641746520996
0.7472348809242249
0.6289371848106384
0.7286208868026733
0.7512694001197815
0.7607121467590332
0.7383798360824585
0.6870225667953491
0.7397668957710266
0.6699450016021729
0.7443704605102539
0.7472723126411438
0.6564875245094299
0.6979312896728516
0.7379080057144165
0.8083585500717163
0.7555680871009827
0.7014000415802002
0.6416233777999878
0.6108481884002686
0.715665876865387
0.6733853816986084
0.6607784032821655
0.6823925971984863
0.6885843873023987
0.6829133033752441
0.6614609360694885
0.7460380792617798
0.662655770778656
0.6479173898696899
0.6926566362380981
0.6718234419822693
0.7212380170822144
0.9936027526855469
0.6951512694358826
0.8235257267951965
0.619124710559845
0.7338323593139648
0.5526278614997864
0.6804397106170654
0.6790701150894165
0.6784946918487549
0.6829020977020264
0.7090243697166443
0.6986863613128662
0.660227358341217
0.652949333190918
0.7129938006401062
0.697547972202301
0.7295726537704468
0.7354246973991394
0.6301281452178955
0.6172765493392944
0.7606620192527771
0.737657904624939
0.7194064855575562
0.7166414260864258
0.7030143141746521
0.7934667468070984
0.8377798795700073
0.6943703293800354
0.7669923305511475
0.605273962020874
0.657916784286499
0.7050567865371704
0.6811918020248413
0.6667072176933289
0.839272141456604
0.6682530045509338
0.7496907711029053
0.7827500104904175
0.6510586738586426
0.7864139080047607
0.6952319145202637
0.7801153659820557
0.7291867733001709
0.7341387867927551
0.747986912727356
0.7788131237030029
0.6093069911003113
0.7059937119483948
0.7190953493118286
0.6550160646438599
0.681999683380127
0.625517725944519
0.7067261934280396
0.6791789531707764
0.6714487671852112
0.8555296659469604
0.7081063389778137
0.7371312379837036
0.6425619721412659
0.5709286332130432
0.675166130065918
0.756761372089386
0.6636144518852234
0.6933591961860657
0.7029460668563843
0.7420016527175903
0.6208239197731018
0.6982739567756653
0.705683171749115
0.7318112850189209
0.7129444479942322
0.7284607887268066
0.8059827089309692
0.7330719828605652
0.681919515132904
0.7317163348197937
0.7464450597763062
0.7144925594329834
0.6255325675010681
0.8228936195373535
0.6721841096878052
0.6886674761772156
0.6386028528213501
0.6903408765792847
0.7731525897979736
0.6924553513526917
0.728127121925354
0.731135368347168
0.6513978838920593
0.6328893899917603
0.6977282166481018
0.737815260887146
0.75449538230896
0.6547509431838989
0.7997913956642151
0.7304547429084778
0.7738344073295593
0.7410081624984741
0.7772635221481323
0.6199752688407898
0.6364316940307617
0.7046663761138916
0.5634142756462097
0.6735106706619263
0.7091376781463623
0.6940791606903076
0.742511510848999
0.6413272023200989
0.6917417049407959
0.7584822177886963
0.7067811489105225
0.7819666266441345
0.7291650772094727
0.6920579075813293
0.7813740968704224
0.7189610600471497
0.6137579083442688
0.6629445552825928
0.7566649913787842
0.6960093379020691
0.8345623016357422
0.6921700835227966
0.6832584142684937
0.6953673958778381
0.7208409309387207
0.6349936127662659
0.704004168510437
0.6827864050865173
0.635621190071106
0.6102910041809082
0.7313570380210876
0.669732928276062
0.6783087849617004
0.6713637709617615
0.693845808506012
0.7368869781494141
0.7428193688392639
0.7438151836395264
0.6939364671707153
0.7234827876091003
0.6072841286659241
0.6585999131202698
0.7054184675216675
0.7496415376663208
0.6506572961807251
0.7656123638153076
0.6724386811256409
0.7285777926445007
0.7052818536758423
0.7959078550338745
0.8326463103294373
0.757011890411377
0.7616686224937439
0.9041893482208252
0.657089352607727
0.8056913018226624
0.6162229180335999
0.7156882882118225
0.777725875377655
0.730391800403595
0.7226279377937317
0.6687620878219604
0.7716015577316284
0.7399656176567078
0.6223737597465515
0.65748131275177
0.777783989906311
0.7069513201713562
0.6055759191513062
0.6491406559944153
0.7201922535896301
0.694828987121582
0.8270770311355591
0.7154775261878967
0.750826895236969
0.7773480415344238
0.6794615387916565
0.6383007168769836
0.7896495461463928
0.6254459619522095
0.7211935520172119
0.7112178802490234
0.6161834001541138
0.5923113822937012
0.7481992244720459
0.7457242012023926
0.6818001866340637
0.7431584596633911
0.7410557270050049
0.5762053728103638
0.7173508405685425
0.6850247383117676
0.675906240940094
0.7856564521789551
0.6102181673049927
0.7111910581588745
0.7626773118972778
0.7211062908172607
0.6478759050369263
0.686954915523529
0.7118937373161316
0.6588861346244812
0.7397578954696655
0.7090008854866028
0.7070912718772888
0.722617506980896
0.7170974612236023
0.8022887706756592
0.6745290160179138
0.6773095726966858
0.670163094997406
0.6538360118865967
0.6433925032615662
0.6287097930908203
0.7422991394996643
0.7555810213088989
0.703339695930481
0.7360162734985352
0.6120448112487793
0.6911392211914062
0.603073000907898
0.8938307762145996
0.7669572830200195
0.6370956301689148
0.6494814157485962
0.5991636514663696
0.6469097137451172
0.660020649433136
0.6875771284103394
0.7932981252670288
0.6492664217948914
0.6674665808677673
0.7265447974205017
0.6564064025878906
0.7452852129936218
0.703178882598877
0.7282975316047668
0.6699118614196777
0.6633093953132629
0.6723153591156006
0.6352443695068359
0.7632023096084595
0.7158918380737305
0.6606011986732483
0.6705503463745117
0.6513120532035828
0.7738563418388367
0.737550675868988
0.674858808517456
0.7626285552978516
0.5992915034294128
0.676147997379303
0.6543396711349487
0.6273576021194458
0.7129344940185547
0.7255120277404785
0.6003665924072266
0.6530824899673462
0.6310240626335144
0.8694407939910889
0.6495274901390076
0.8122695684432983
0.7084647417068481
0.8529675602912903
0.7309415340423584
0.727189302444458
0.7192277312278748
0.7042113542556763
0.7927629947662354
0.8472130298614502
0.6537327766418457
0.67998868227005
0.8173109292984009
0.7341458201408386
0.7210274934768677
0.6502696871757507
0.6858848929405212
0.7140761017799377
0.687859833240509
0.7125289440155029
0.6575300693511963
0.6478717923164368
0.6861209869384766
0.8554009199142456
0.8677870035171509
0.6792141199111938
0.6661570072174072
0.6956127882003784
0.7311687469482422
0.6290672421455383
0.6807073950767517
0.7482087016105652
0.6987815499305725
0.6553134918212891
0.6937350034713745
0.7418060302734375
0.611276388168335
0.6322470307350159
0.6424660086631775
0.809129536151886
0.7996143698692322
0.7226316928863525
0.7477116584777832
0.6044062972068787
0.6927508115768433
0.6087077260017395
0.6867623329162598
0.704074501991272
0.6646596193313599
0.7898937463760376
0.6940336227416992
0.8648879528045654
0.6593391299247742
0.6453829407691956
0.6653211712837219
0.637492299079895
0.7847213745117188
0.6739103198051453
0.6518586277961731
0.7104443311691284
0.6595054864883423
0.6641051173210144
0.6561233997344971
0.8958578705787659
0.7607663869857788
