0.9883142709732056
0.6385279297828674
0.738218367099762
0.6372603178024292
0.6151338815689087
0.7464051842689514
0.6448236107826233
0.7698770761489868
0.6536049842834473
0.6595749855041504
0.7189252376556396
0.6219120025634766
0.6899073123931885
0.6336323022842407
0.6511418223381042
0.6386690735816956
0.7276676297187805
0.6473463177680969
0.6590607166290283
0.7234189510345459
0.7363473176956177
0.6904929280281067
0.7311034798622131
0.6941261291503906
0.7460425496101379
0.7661563158035278
0.7008297443389893
0.7553170323371887
0.8374053239822388
0.8484088182449341
0.757409930229187
0.7560214996337891
0.7383544445037842
0.8061282634735107
0.6162989139556885
0.7711809873580933
0.7245452404022217
0.7336754202842712
0.7151180505752563
0.6527040004730225
0.6321102380752563
0.8031389713287354
0.7323097586631775
0.6679002642631531
0.6856079697608948
0.666673481464386
0.7205837965011597
0.7097524404525757
0.662537693977356
0.7424889802932739
0.6471652984619141
0.619162917137146
0.6867427825927734
0.7156769633293152
0.6585478186607361
0.6862614154815674
0.8712851405143738
0.5939584970474243
0.7298611998558044
0.5748708248138428
0.7301387190818787
0.7196453809738159
0.7231690287590027
0.7682366967201233
0.6650671362876892
0.6172988414764404
0.6865561604499817
0.666799008846283
0.6705532670021057
0.6754266023635864
0.7302510142326355
0.6224728226661682
0.6831586360931396
0.7194178104400635
0.6762442588806152
0.6770641207695007
0.699187695980072
0.8729040622711182
0.6532744765281677
0.7863552570343018
0.6089773178100586
0.8559880256652832
0.6523630619049072
0.6985811591148376
0.7429730892181396
0.6325222849845886
0.676566481590271
0.7218195199966431
0.6029390692710876
0.661325216293335
0.7875412106513977
0.6888989806175232
0.7465441226959229
0.7063419818878174
0.6765378713607788
0.7126482725143433
0.7015089988708496
0.6968367695808411
0.8581212162971497
0.7446799874305725
0.7844487428665161
0.758658766746521
0.6502560377120972
0.6780966520309448
0.7489333152770996
0.7084205746650696
0.7137292623519897
0.7764806747436523
0.8231630325317383
0.7053967714309692
0.6866247653961182
0.6506398916244507
0.7646066546440125
0.7052058577537537
0.7027719020843506
0.7701419591903687
0.6788769364356995
0.6495856046676636
0.6848204135894775
0.7368495464324951
0.771640419960022
0.5998560190200806
0.7114880084991455
0.7738174200057983
0.6752628087997437
0.7122119069099426
0.621692955493927
0.6059889793395996
0.6518270969390869
0.6502320766448975
0.7789350748062134
0.6441566944122314
0.8750457167625427
0.6994062662124634
0.7083039283752441
0.7366577386856079
0.6374777555465698
0.6364566683769226
0.6566503047943115
0.7025530338287354
0.5906993746757507
0.8211861848831177
0.5947157740592957
0.759781002998352
0.7741625308990479
0.7792853116989136
0.6304988265037537
0.7334496378898621
0.7887896299362183
0.7570760846138
0.8025619983673096
0.7805139422416687
0.6453922390937805
0.6835676431655884
0.7195334434509277
0.7397232055664062
0.6829583048820496
0.6666457056999207
0.7385337352752686
0.5959529280662537
0.6629014015197754
0.6861757040023804
0.7760487794876099
0.669886589050293
0.7596487402915955
0.684425413608551
0.9068607091903687
0.6044232845306396
0.711012065410614
0.6153711080551147
0.691226601600647
0.9687933921813965
0.59075528383255
0.7795553207397461
0.8090184926986694
0.608727753162384
0.7196388840675354
0.9284021854400635
0.6885435581207275
0.6191486716270447
0.7511506080627441
0.7253382205963135
0.6839221715927124
0.8565554022789001
0.8444849848747253
0.8173352479934692
0.6874302625656128
0.7541698217391968
0.8048152923583984
0.6686261892318726
0.6643565893173218
0.6724789142608643
0.749934732913971
0.7181019186973572
0.7266587018966675
0.6000231504440308
0.6824008226394653
0.7255401611328125
0.7300331592559814
0.5989620685577393
0.6621039509773254
0.9582779407501221
0.7454863786697388
0.7889156341552734
0.5807456970214844
0.5809833407402039
0.7010798454284668
0.71286541223526
0.691680908203125
0.7206447720527649
0.6690556406974792
0.7470839023590088
0.6505427956581116
0.666103184223175
0.6161080002784729
0.809196949005127
0.6887115240097046
0.7180078029632568
0.6910389065742493
0.7243920564651489
0.814805805683136
0.7573839426040649
0.6187478303909302
0.8539252877235413
0.6348411440849304
0.6815062761306763
0.7198446989059448
0.6693726778030396
0.6811288595199585
0.6561698317527771
0.6188420653343201
0.6568251252174377
0.7696924209594727
0.714756190776825
0.7644623517990112
0.730745792388916
0.7768130898475647
0.6646004915237427
0.767789363861084
0.8673161864280701
0.7791237831115723
0.7756130695343018
0.7249906659126282
0.7487371563911438
0.6627172827720642
0.7569656372070312
0.6816908121109009
0.7435142397880554
0.6244944334030151
0.7118570804595947
0.6813342571258545
0.7138740420341492
0.6525784730911255
0.7039254307746887
0.8084792494773865
0.6707683801651001
0.8389533758163452
0.6279693245887756
0.6404995322227478
0.7243356704711914
0.6789757609367371
0.8588991165161133
0.6803299188613892
0.690770149230957
0.730087399482727
0.6654354333877563
0.6942170858383179
0.7131469249725342
0.6637601852416992
0.622964084148407
0.66749507188797
0.6656010746955872
0.5904135704040527
0.6966676115989685
0.861172080039978
0.776839017868042
0.7966249585151672
0.721272349357605
0.6582698822021484
0.6126582622528076
0.7153676152229309
0.6857245564460754
0.7044618129730225
0.6666813492774963
0.723395586013794
0.6822454333305359
0.6361036896705627
0.759197473526001
0.7052985429763794
0.7276836633682251
0.7332566380500793
0.687699556350708
0.6741053462028503
0.6847272515296936
0.7438830137252808
0.6839762330055237
0.706404983997345
0.6865372061729431
0.6789116263389587
0.8379968404769897
0.6997032165527344
0.7371029853820801
0.8610503077507019
0.7347646355628967
0.7107142210006714
0.5903511047363281
0.7793667316436768
0.7163743376731873
0.6518886089324951
0.7252176403999329
0.6946331262588501
0.7238317728042603
0.7570552825927734
0.6068745851516724
0.6612130999565125
0.7182698249816895
0.6258130669593811
0.6840386986732483
0.6640734672546387
0.7369158267974854
0.6594914197921753
0.6305918097496033
0.7921861410140991
0.7440170049667358
0.7090023159980774
0.6934677958488464
0.6518315076828003
0.8211591839790344
0.6760625839233398
0.7205750346183777
0.6429433822631836
0.6204008460044861
0.7000385522842407
0.7582120895385742
0.7070714235305786
0.6874839663505554
0.668445348739624
0.6015728712081909
0.6796896457672119
0.6572281122207642
0.6512212753295898
0.9330751895904541
0.6335804462432861
0.6605861186981201
0.6669617891311646
0.7111884355545044
0.7413293719291687
0.85117506980896
0.7500696778297424
0.7355030179023743
0.7605864405632019
0.7444660663604736
0.6764616966247559
0.8053576946258545
0.7587080001831055
0.6583019495010376
0.7703014612197876
0.7501519918441772
0.7137618064880371
0.6517786383628845
0.5871486663818359
0.7461835145950317
0.7902311682701111
0.688544511795044
0.6990634799003601
0.707482099533081
0.6114022135734558
0.6723923683166504
0.6586329936981201
0.8480446338653564
0.6786967515945435
0.7080489993095398
0.6966825723648071
0.6882370710372925
0.641565203666687
0.706418514251709
0.6457866430282593
0.7433319091796875
0.6558325290679932
0.840119481086731
0.6682080626487732
0.8463165163993835
0.7041256427764893
0.7361581325531006
0.6737481355667114
0.7745628356933594
0.7125992774963379
0.7560166120529175
0.6257262229919434
0.7090240120887756
0.666827380657196
0.6800065040588379
0.7516142725944519
0.6629242300987244
0.7783974409103394
0.650214672088623
0.748269259929657
0.6802664399147034
0.6907406449317932
0.7160916924476624
0.6697540283203125
0.6996591091156006
0.6832948327064514
0.6765336990356445
0.637595534324646
0.7105398774147034
0.7246759533882141
0.7396634221076965
0.6720935106277466
0.6775162220001221
0.7383041977882385
0.7874074578285217
0.7038388252258301
0.7010968923568726
0.7624861001968384
0.7118227481842041
0.8151294589042664
0.7996360659599304
0.640571653842926
0.6659185886383057
0.7005031108856201
0.8316316604614258
0.7510111331939697
0.7030108571052551
0.6953113079071045
0.6797896027565002
0.6401199698448181
0.8006191253662109
0.7366933226585388
0.8266128301620483
0.7147233486175537
0.6537308096885681
0.6852240562438965
0.6603756546974182
0.6126120090484619
0.6994422674179077
0.7785767316818237
0.6476666331291199
0.7401044368743896
0.8558337092399597
0.6726016998291016
0.7388498783111572
0.759057343006134
0.734146773815155
0.9317631721496582
0.6841975450515747
0.6943745613098145
0.7187485098838806
0.7744619250297546
0.6126720905303955
0.6483105421066284
0.7445527911186218
0.7023715972900391
0.7818101048469543
0.6788252592086792
0.7905246615409851
0.7089207172393799
0.6738112568855286
0.6418290734291077
0.7297366857528687
0.7378182411193848
0.741523265838623
0.6320323348045349
0.669746458530426
0.6277326345443726
0.6923612356185913
0.6648238897323608
0.6050089597702026
0.7053495645523071
0.7981659173965454
0.7261558175086975
0.7613463401794434
0.8264459371566772
0.6774879097938538
0.7084680795669556
0.7212107181549072
0.7434516549110413
0.6978142857551575
0.7592045068740845
0.7037309408187866
0.627480149269104
0.7102674841880798
0.7464346885681152
0.683031439781189
0.6891904473304749
0.6490047574043274
0.574835479259491
0.7018309831619263
0.7792749404907227
0.6520884037017822
0.6107739210128784
0.5769302845001221
0.7226009964942932
0.7277851104736328
0.7533265948295593
0.780002772808075
0.6981468796730042
0.673145055770874
0.6545208692550659
0.8071097135543823
0.6724342703819275
0.6658011674880981
0.6815751791000366
0.6479650735855103
0.6523952484130859
0.7015755772590637
0.6746973991394043
0.6352090835571289
0.7438446879386902
0.708371639251709
0.7167084217071533
0.6500651240348816
0.6647664308547974
0.6695517301559448
0.6204471588134766
0.6423376202583313
0.6518183350563049
0.6549748182296753
0.722612738609314
0.6198325157165527
0.6746492385864258
0.6663145422935486
0.6415607929229736
0.6452192068099976
0.6952954530715942
0.6572878956794739
0.6798487305641174
0.6412109732627869
0.8882408142089844
0.8329635858535767
0.7708932161331177
0.6670560240745544
0.6257650256156921
0.8555077314376831
0.6956402063369751
0.7253254652023315
0.7261648774147034
0.7333327531814575
0.7233308553695679
0.731239914894104
0.7159690856933594
0.6230761408805847
0.6950205564498901
0.6736403703689575
0.6431494951248169
0.7750096321105957
0.7076014280319214
0.7497663497924805
0.7347469925880432
0.6855072379112244
0.6231485605239868
0.7172978520393372
0.7561110258102417
0.6837632656097412
0.8013116717338562
0.7191593647003174
0.6928111910820007
0.7267439365386963
0.754199743270874
0.7300487160682678
0.652666449546814
0.6867399215698242
0.6518360376358032
0.7618354558944702
0.7240391373634338
0.7536709904670715
0.6954163312911987
0.6710214614868164
0.7048062086105347
0.5633936524391174
0.7515889406204224
0.7035796046257019
0.6420255303382874
0.6166008710861206
0.759627103805542
0.7454044818878174
0.699112594127655
0.6101913452148438
0.7334102392196655
0.7755274772644043
0.7050753235816956
0.6693968176841736
0.8528024554252625
0.8004887700080872
0.7801083326339722
0.6597490310668945
0.771062970161438
0.7177208065986633
0.6954031586647034
0.7793539762496948
0.6217703223228455
0.9342086315155029
0.7284569144248962
0.6891396045684814
0.6982505321502686
0.6534810066223145
0.663949728012085
0.6552819013595581
0.7904739379882812
0.6727960109710693
0.6215759515762329
0.6431801319122314
0.7057766914367676
0.6968326568603516
0.7084121704101562
0.7653764486312866
0.6926885843276978
0.6883701086044312
0.6594545841217041
0.626593828201294
0.6234209537506104
0.82801353931427
0.6688522696495056
0.7854276895523071
0.6769295334815979
0.6571029424667358
0.6826615929603577
0.6814936995506287
0.7801654934883118
0.648970901966095
0.701367974281311
0.7727135419845581
0.7905964851379395
0.6540497541427612
0.6155255436897278
0.7110748887062073
0.6693534255027771
0.6873250007629395
0.6952654719352722
0.8305115699768066
0.6148427128791809
0.7044728994369507
0.8090479969978333
0.6984879374504089
0.7519799470901489
0.5617121458053589
0.7564751505851746
0.7041180729866028
0.8162641525268555
0.6667231321334839
0.7172785401344299
0.767268180847168
0.6907134652137756
0.7012098431587219
0.7043367624282837
0.6928986310958862
0.6900295615196228
0.8334788680076599
0.9202373027801514
0.680590808391571
0.8955131769180298
0.778773307800293
0.6927307844161987
0.6872844099998474
0.7838045358657837
0.6886601448059082
0.6747912764549255
0.7218501567840576
0.6847299337387085
0.6924664974212646
0.8261678218841553
0.7587800025939941
0.7206975817680359
0.6787295341491699
0.844597578048706
0.7515681982040405
0.7318663597106934
0.7335852384567261
0.6793309450149536
0.6972470879554749
0.7535232305526733
0.7051769495010376
0.731981098651886
0.6392422914505005
0.674864649772644
0.8457503318786621
0.7599445581436157
0.7293426990509033
0.7003002166748047
0.7732428312301636
0.7879605293273926
0.7367945909500122
0.6386535167694092
0.7524654865264893
0.7575750350952148
0.6637139320373535
0.6647537350654602
0.6737508773803711
0.7413482666015625
0.7985091209411621
0.7548924684524536
0.6207375526428223
0.6396620273590088
0.6308591365814209
0.6068393588066101
0.7581567764282227
0.6242669224739075
0.7621298432350159
0.6578338146209717
0.7189803123474121
0.6986227035522461
0.7864590883255005
0.7097431421279907
0.712716281414032
0.6958425641059875
0.7756214737892151
0.750293493270874
0.6347024440765381
0.7297533750534058
0.6303747892379761
0.736624002456665
0.7551096677780151
0.7636650800704956
0.61093670129776
0.6511310935020447
0.6958085298538208
0.714188814163208
0.7674958109855652
0.7168172597885132
0.7252062559127808
0.6775869131088257
0.6343856453895569
0.7681222558021545
0.7301852703094482
0.6516293883323669
0.7238478660583496
0.7048018574714661
0.7583932876586914
0.5712413787841797
0.7515415549278259
0.7023950815200806
0.8191538453102112
0.6537536978721619
0.7586790323257446
0.7701611518859863
0.8189346790313721
0.6690685153007507
0.7701009511947632
0.6889736652374268
0.6362163424491882
0.6738752126693726
0.9468194842338562
0.6645615696907043
0.6722385883331299
0.6683899164199829
0.6753844022750854
0.7874056696891785
0.6820191144943237
0.7011609673500061
0.6831448078155518
0.716865062713623
0.5861073732376099
0.6915780305862427
0.6198276281356812
0.7781112194061279
0.7099757790565491
0.6686962246894836
0.6616397500038147
0.7604179382324219
0.7033917307853699
0.7330161929130554
0.6112455725669861
0.7239902019500732
0.6324957609176636
0.6604999303817749
0.7217936515808105
0.6189194917678833
0.6878694891929626
0.7106679677963257
0.6573123335838318
0.6830497980117798
0.7877472639083862
0.651563823223114
0.6806564331054688
0.7654702663421631
0.6442302465438843
0.722516655921936
0.76845782995224
0.639812171459198
0.6451382040977478
0.6629177331924438
0.6279679536819458
0.7223791480064392
0.6562361121177673
0.6392026543617249
