0.9883142709732056
0.8130800724029541
0.6804937720298767
0.7821345329284668
0.6914128065109253
0.6184073686599731
0.8233188390731812
0.6646379232406616
0.6940656900405884
0.6185959577560425
0.7214205265045166
0.7334773540496826
0.6936918497085571
0.7001025080680847
0.788223385810852
0.7062074542045593
0.8269816637039185
0.6789208650588989
0.6452925205230713
0.7160342931747437
0.8106694221496582
0.7135647535324097
0.6924461126327515
0.7207769155502319
0.6654495000839233
0.7803080081939697
0.6298800706863403
0.6953101754188538
0.7479202151298523
0.6433734893798828
0.684870719909668
0.6408612132072449
0.7018742561340332
0.7012554407119751
0.7417746782302856
0.8179187178611755
0.7681456804275513
0.8634343147277832
0.8246047496795654
0.7255998849868774
0.7332800626754761
0.8580684065818787
0.6506221890449524
0.7054123282432556
0.6713811159133911
0.7767652273178101
0.7683554887771606
0.7109613418579102
0.7112977504730225
0.6788817644119263
0.6258004903793335
0.7827029824256897
0.8397309184074402
0.8840252161026001
0.7339555025100708
0.5887495279312134
0.8046002388000488
0.6895087957382202
0.5955480337142944
0.7703954577445984
0.7948789000511169
0.7098917365074158
0.7170646786689758
0.689181923866272
0.7978886961936951
0.7224527597427368
0.8270547389984131
0.5708332657814026
0.6539206504821777
0.6924451589584351
0.7188557386398315
0.6353822350502014
0.6149564981460571
0.6817808747291565
0.6658612489700317
0.6306269764900208
0.6429018378257751
0.8245999813079834
0.6590860486030579
0.7590564489364624
0.7214300632476807
0.6117575168609619
0.648676872253418
0.6154686212539673
0.694372296333313
0.7426014542579651
0.7100210189819336
0.6255486607551575
0.6338346600532532
0.6694920063018799
0.812256932258606
0.7200710773468018
0.805999755859375
0.7370150685310364
0.7951348423957825
0.6769545674324036
0.7069993019104004
0.8501303195953369
0.8106281757354736
0.6863968372344971
0.7904646396636963
0.7121265530586243
0.7372139692306519
0.6707712411880493
0.6594744324684143
0.6436564922332764
0.7483729720115662
0.6337679028511047
0.6694376468658447
0.8206949234008789
0.7123342156410217
0.6237645745277405
0.6119795441627502
0.9775115251541138
0.8193340301513672
0.7087382078170776
0.7650808095932007
0.8013591766357422
0.728509783744812
0.6453967094421387
0.6665852069854736
0.8186731934547424
0.7179563045501709
0.593136191368103
0.682761013507843
0.7654868364334106
0.7334069013595581
0.6959822177886963
0.649476945400238
0.6450638771057129
0.6674255132675171
0.6627907156944275
0.6211611032485962
0.7011463046073914
0.7696407437324524
0.6838566064834595
0.8295341730117798
0.7090637683868408
0.6348252892494202
0.7102515697479248
0.5937654972076416
0.7186154127120972
0.6353771090507507
0.6002373099327087
0.6702610850334167
0.6613255739212036
0.7567389607429504
0.7769728302955627
0.6374210119247437
0.7260341644287109
0.7238932847976685
0.6490283608436584
0.6207717061042786
0.6180758476257324
0.7930628657341003
0.7205590605735779
0.6886885166168213
0.6171735525131226
0.6010946035385132
0.7000118494033813
0.7235580682754517
0.754220187664032
0.7603141069412231
0.7292584180831909
0.6449059247970581
0.7521860003471375
0.6584409475326538
0.7239817976951599
0.8218337893486023
0.6765150427818298
0.7972276210784912
0.6922756433486938
0.7249702215194702
0.5926527380943298
0.7324182391166687
0.7138838768005371
0.8451276421546936
0.7236109972000122
0.7258635759353638
0.6434309482574463
0.6752879619598389
0.8293367028236389
0.6480012536048889
0.7263156175613403
0.7545098662376404
0.810375988483429
0.7946478128433228
0.6984279751777649
0.6379958391189575
0.6644039750099182
0.757473886013031
0.6675271987915039
0.6185794472694397
0.6730588674545288
0.6746667623519897
0.7342996001243591
0.7916715145111084
0.663312554359436
0.7746652960777283
0.6185283660888672
0.7046310901641846
0.653861939907074
0.723008394241333
0.687148928642273
0.8135808706283569
0.6374379396438599
0.642088770866394
0.5953537821769714
0.6503855586051941
0.6518148183822632
0.7191722989082336
0.6839691996574402
0.7748956084251404
0.6324714422225952
0.6612937450408936
0.7824883460998535
0.7064704298973083
0.6492199897766113
0.6011604070663452
0.7021999359130859
0.6952798366546631
0.7114629745483398
0.562943160533905
0.6357495784759521
0.7336097359657288
0.6550705432891846
0.6878198981285095
0.7833482623100281
0.6969026327133179
0.7426864504814148
0.7200087308883667
0.740838348865509
0.7514233589172363
0.6387247443199158
0.7130396962165833
0.6914690136909485
0.7430494427680969
0.713880717754364
0.6896784901618958
0.7228089570999146
0.6367422342300415
0.7263558506965637
0.7493718862533569
0.8619110584259033
0.7743154168128967
0.7552752494812012
0.6519894599914551
0.6606229543685913
0.7322274446487427
0.722771167755127
0.7070919275283813
0.7269232273101807
0.6574193239212036
0.666786789894104
0.7084992527961731
0.7899520397186279
0.8336324095726013
0.7339439392089844
0.6641645431518555
0.7540144920349121
0.7166433930397034
0.7601394653320312
0.7585346102714539
0.7168972492218018
0.6208281517028809
0.6647639870643616
0.7873425483703613
0.768157958984375
0.9163820743560791
0.6543319821357727
0.6966548562049866
0.7236155271530151
0.8534495830535889
0.7652367949485779
0.6481730341911316
0.7397372722625732
0.6850172877311707
0.6708513498306274
0.7006586194038391
0.651004433631897
0.6942591071128845
0.651835560798645
0.6400278806686401
0.7403365969657898
0.7813621759414673
0.6659718751907349
0.8374094367027283
0.7296779751777649
0.6040069460868835
0.6718796491622925
0.6456940770149231
0.7859376668930054
0.6881027817726135
0.5520578622817993
0.760855495929718
0.7102511525154114
0.6243681907653809
0.7893654108047485
0.7795854210853577
0.7136954069137573
0.8100661039352417
0.744981586933136
0.6759541034698486
0.665202796459198
0.679948627948761
0.6821163892745972
0.6811463832855225
0.691434383392334
0.6038534641265869
0.6990270614624023
0.8086209297180176
0.6467362642288208
0.7635309100151062
0.6620179414749146
0.7847724556922913
0.6382919549942017
0.7315289378166199
0.6517730951309204
0.9186830520629883
0.7649955749511719
0.8110292553901672
0.6905066967010498
0.6795758605003357
0.7200360894203186
0.6716772317886353
0.7267034649848938
0.6719388365745544
0.7264395356178284
0.7727643251419067
0.700034499168396
0.6203718185424805
0.8771131038665771
0.6615433692932129
0.7838447093963623
0.6415448188781738
0.7445021271705627
0.6948959827423096
0.682803750038147
0.7412621974945068
0.6977041363716125
0.6396456956863403
0.816869854927063
0.6550611257553101
0.6554586887359619
0.728561282157898
0.8650521636009216
0.6964223980903625
0.74245285987854
0.7508090138435364
0.7032619714736938
0.7205942869186401
0.6473743319511414
0.7258011102676392
0.6571846604347229
0.7614330053329468
0.6472284197807312
0.734282910823822
0.8528997302055359
0.6916553974151611
0.7553632259368896
0.8167897462844849
0.7130488157272339
0.6531262993812561
0.751521646976471
0.763979971408844
0.8013132810592651
0.8000312447547913
0.7289909720420837
0.7637244462966919
0.7147486805915833
0.7686867117881775
0.8015741109848022
0.731595516204834
0.6884349584579468
0.6545817852020264
0.7514100074768066
0.8259091377258301
0.7053319811820984
0.8416335582733154
0.6301834583282471
0.6100069284439087
0.8496886491775513
0.6548923850059509
0.7269409894943237
0.6610990762710571
0.6928860545158386
0.6640024185180664
0.7090618014335632
0.734644889831543
0.7478034496307373
0.7020149230957031
0.6478609442710876
0.6529666185379028
0.7433294057846069
0.742158055305481
0.6658031344413757
0.6560242176055908
0.7542217969894409
0.7304434776306152
0.6305528879165649
0.7485166788101196
0.6164752244949341
0.64605712890625
0.7246286869049072
0.6845937371253967
0.7459254860877991
0.6667187213897705
0.6745964884757996
0.6133021116256714
0.7212024927139282
0.8355565071105957
0.7188237309455872
0.6538369059562683
0.6998839378356934
0.7314732074737549
0.6837044954299927
0.7019671201705933
0.5458472967147827
0.6308780908584595
0.6930640935897827
0.7427793741226196
0.6299206614494324
0.670985221862793
0.6921634078025818
0.6311613917350769
0.7636336088180542
0.7075879573822021
0.597859799861908
0.7304969429969788
0.6763338446617126
0.7778895497322083
0.6718508005142212
0.6927433013916016
0.7046240568161011
0.7319132089614868
0.6392146348953247
0.7047742009162903
0.6774992942810059
0.6634630560874939
0.6637669801712036
0.6535742878913879
0.70622318983078
0.6970708966255188
0.767396867275238
0.7421777248382568
0.6683210134506226
0.652754008769989
0.7036835551261902
0.6342101693153381
0.8037642240524292
0.7465295791625977
0.8536490201950073
0.7437530159950256
0.6586559414863586
0.6500135064125061
0.7381729483604431
0.6367372274398804
0.6452298760414124
0.6202114820480347
0.7155143022537231
0.6669194102287292
0.8217978477478027
0.6833298802375793
0.6906548738479614
0.7615400552749634
0.6323198080062866
0.7488863468170166
0.6668611168861389
0.7384055852890015
0.6513038873672485
0.6959328055381775
0.7010277509689331
0.65920490026474
0.7953531742095947
0.682909369468689
0.5703316926956177
0.6077326536178589
0.7107768654823303
0.624799370765686
0.6740216016769409
0.7461703419685364
0.722768247127533
0.7456539869308472
0.7112193703651428
0.6760092973709106
0.6345705389976501
0.7076089382171631
0.7061107158660889
0.6055848002433777
0.6981264352798462
0.6996955275535583
0.6926900148391724
0.6136624813079834
0.6690914034843445
0.6777531504631042
0.7260138988494873
0.6629893779754639
0.7683501243591309
0.6469223499298096
0.6751222610473633
0.731184720993042
0.7319947481155396
0.6609370112419128
0.6964577436447144
0.8039002418518066
0.7877364754676819
0.7473659515380859
0.7278766632080078
0.763769268989563
0.7784945368766785
0.7250286340713501
0.6640762686729431
0.6872203350067139
0.7326059341430664
0.6919128894805908
0.8990218639373779
0.6938177943229675
0.673983097076416
0.6420397758483887
0.6954411268234253
0.6109808087348938
0.7466437220573425
0.6713953018188477
0.7137402892112732
0.7394683361053467
0.7203590869903564
0.7808452844619751
0.543493390083313
0.6311898231506348
0.6575382947921753
0.8033546209335327
0.8669232726097107
0.9020370244979858
0.710701048374176
0.7468384504318237
0.7410100698471069
0.6973717212677002
0.7293901443481445
0.6479554176330566
0.6316578984260559
0.8229020237922668
0.6912813782691956
0.7816843390464783
0.7519168853759766
0.748999834060669
0.7947511076927185
0.650830864906311
0.8335651159286499
0.7028632760047913
0.7012544274330139
0.6594682335853577
0.6105203032493591
0.7645704746246338
0.76511549949646
0.6611731648445129
0.6029286980628967
0.6685009002685547
0.6147473454475403
0.8116230964660645
0.7013276815414429
0.6684750318527222
0.6778931021690369
0.6231737732887268
0.6326165795326233
0.6301130056381226
0.6749894022941589
0.7507907152175903
0.939037561416626
0.7306874990463257
0.6528745293617249
0.7178093791007996
0.7687042951583862
0.7086570262908936
0.879205048084259
0.8059061765670776
0.8924638032913208
0.6731254458427429
0.7664607167243958
0.8036086559295654
0.6811729669570923
0.7268378734588623
0.7418357729911804
0.7145601511001587
0.7543591260910034
0.7309792637825012
0.6782833933830261
0.6253311038017273
0.6680459380149841
0.8184782266616821
0.7128912806510925
0.6859360933303833
0.7095555067062378
0.7949210405349731
0.6640723943710327
0.739469051361084
0.6596729159355164
0.6478615403175354
0.6901494264602661
0.7253955602645874
0.6764745712280273
0.649766743183136
0.6356709599494934
0.6164329051971436
0.8707225918769836
0.7304750084877014
0.6595587730407715
0.7723871469497681
0.7075463533401489
0.8280397057533264
0.6416055560112
0.7841244339942932
0.7599261999130249
0.7777949571609497
0.6795978546142578
0.6918385624885559
0.6395770907402039
0.7230565547943115
0.6958872675895691
0.6778756380081177
0.6612231731414795
0.7001110911369324
0.6320979595184326
0.6890736818313599
0.7262845039367676
0.7424948215484619
0.6781595349311829
0.5688450932502747
0.7475268840789795
0.7281030416488647
0.6710101962089539
0.6930903196334839
0.6890670657157898
0.762250542640686
0.6627278923988342
0.6118942499160767
0.6562780141830444
0.702095627784729
0.7256163358688354
0.597621738910675
0.6806986927986145
0.6678237915039062
0.7270723581314087
0.6424890160560608
0.6676510572433472
0.7044082880020142
0.6464889049530029
0.7442427277565002
0.6486923098564148
0.6940879225730896
0.6936526298522949
0.7098274230957031
0.715185821056366
0.7812554836273193
0.7434251308441162
0.8194010257720947
0.6180986762046814
0.7586264610290527
0.6481217741966248
0.6815845370292664
0.6447684168815613
0.6839989423751831
0.7625336647033691
0.8223598003387451
0.6812950968742371
0.8392672538757324
0.8357592821121216
0.6956146359443665
0.6731023788452148
0.6729368567466736
0.7927404642105103
0.6436537504196167
0.6872752904891968
0.7754029035568237
0.7591052055358887
0.6237363219261169
0.6622902750968933
0.7361006140708923
0.7871912717819214
0.7179228067398071
0.6219742298126221
0.7103087902069092
0.6688798069953918
0.6631749868392944
0.6454802751541138
0.8681861758232117
0.6715148091316223
0.7210019826889038
0.7082709670066833
0.5811243653297424
0.6897944211959839
0.6853705644607544
0.6633063554763794
0.7306462526321411
0.7467983961105347
0.5810666680335999
0.741706907749176
0.6629116535186768
0.6442375183105469
0.6560702323913574
0.7339718341827393
0.7623658180236816
0.7015089988708496
0.629237711429596
0.6341229677200317
0.6180385947227478
0.7387273907661438
0.7084652185440063
0.87230384349823
0.6851811408996582
0.5914306640625
0.6714879274368286
0.6760915517807007
0.6603325605392456
0.7415488958358765
0.6988012790679932
0.6952521800994873
0.6674090623855591
0.6295979022979736
0.6314672231674194
0.8229939937591553
0.7410875558853149
0.7373790144920349
0.8394365906715393
0.6773754358291626
0.7000784873962402
0.6564050912857056
0.6383562088012695
0.7255145907402039
0.6692242622375488
0.5981035232543945
0.6202993392944336
0.7511216998100281
0.7430495023727417
0.7732012867927551
0.777280330657959
0.629606306552887
0.9260666370391846
0.62841796875
0.8255904912948608
0.7022853493690491
0.6428579688072205
0.699091911315918
0.6580017805099487
0.7111926078796387
0.7290986776351929
0.8286798000335693
0.7168891429901123
0.715467631816864
0.6859763264656067
0.7750327587127686
0.6924740076065063
0.6520751714706421
0.774237334728241
0.6821006536483765
0.8128347396850586
0.6643620729446411
0.7229909896850586
0.6436203718185425
0.619606614112854
0.650284469127655
0.733925461769104
0.6217530369758606
0.6947793960571289
0.604579508304596
0.7978470325469971
0.6795888543128967
0.7841127514839172
0.6629316210746765
0.6133132576942444
0.7331215739250183
0.6841833591461182
0.6589953899383545
0.7066851854324341
0.6250749230384827
0.7910150289535522
0.6540866494178772
0.7939866185188293
0.7433631420135498
0.6678793430328369
0.685905396938324
0.7610769867897034
0.744815468788147
0.8947724103927612
0.7330427169799805
0.6597551107406616
