0.9883142709732056
0.7038878798484802
0.7919739484786987
0.8007506132125854
0.7045036554336548
0.6088132262229919
0.7172743678092957
0.6155725121498108
0.6021596193313599
0.6402801871299744
0.7708442211151123
0.6574759483337402
0.6082016229629517
0.7787494659423828
0.8401263952255249
0.8840466737747192
0.8484300971031189
0.7143398523330688
0.6450101137161255
0.8329589366912842
0.7623485922813416
0.7077481746673584
0.6032534837722778
0.6143348217010498
0.6900674104690552
0.7904752492904663
0.72098708152771
0.6913835406303406
0.7150384783744812
0.6117574572563171
0.8166527152061462
0.8699070811271667
0.8326317667961121
0.6160950064659119
0.6415755152702332
0.6926524043083191
0.6752161979675293
0.6868594884872437
0.6462852358818054
0.6922476887702942
0.6180154085159302
0.7225860357284546
0.66100013256073
0.8129991888999939
0.7560044527053833
0.714175820350647
0.6858534812927246
0.6359320282936096
0.6450709104537964
0.6850539445877075
0.6573094129562378
0.6606164574623108
0.816257894039154
0.8913041353225708
0.7558724880218506
0.7251929044723511
0.8480842113494873
0.6692622900009155
0.7495304346084595
0.6461663246154785
0.786102294921875
0.6720863580703735
0.6756394505500793
0.6675108671188354
0.7366244196891785
0.6620818376541138
0.6955663561820984
0.6819792985916138
0.7139914035797119
0.7559579014778137
0.746990978717804
0.8301762342453003
0.7503848075866699
0.7935236096382141
0.6441531181335449
0.6757948994636536
0.8081417679786682
0.6596609354019165
0.634437620639801
0.6849783658981323
0.6767817735671997
0.6607874035835266
0.877408504486084
0.6685056686401367
0.6907176375389099
0.8576602339744568
0.6911919713020325
0.636551022529602
0.6618213653564453
0.7285058498382568
0.7466819882392883
0.647750735282898
0.7394224405288696
0.6851776242256165
0.7984163165092468
0.6661954522132874
0.6190963387489319
0.6189833879470825
0.6829662322998047
0.7563210725784302
0.6808007955551147
0.6966928243637085
0.6962146162986755
0.6415066719055176
0.545644223690033
0.7281280755996704
0.7116029858589172
0.687737226486206
0.6988749504089355
0.5701736211776733
0.8294530510902405
0.7513821125030518
0.6563735008239746
0.7199822068214417
0.7983759045600891
0.6631482839584351
0.7037325501441956
0.6787540912628174
0.9005621671676636
0.6884247064590454
0.6718915700912476
0.7415656447410583
0.7276769876480103
0.6215783357620239
0.6214812994003296
0.6458203196525574
0.6454626321792603
0.6719152331352234
0.7623704075813293
0.751422107219696
0.704975962638855
0.7506731748580933
0.7257049083709717
0.6873550415039062
0.7703944444656372
0.9714409112930298
0.7861546874046326
0.6499266028404236
0.6455642580986023
0.7931598424911499
0.6711088418960571
0.6931530237197876
0.643160343170166
0.7312132120132446
0.7074547410011292
0.6428347229957581
0.8250347375869751
0.7122353315353394
0.7650388479232788
0.6239216327667236
0.6466937065124512
0.6977338790893555
0.7022766470909119
0.7573546767234802
0.6702179908752441
0.6735840439796448
0.6770491003990173
0.6279093623161316
0.7378404140472412
0.7184778451919556
0.672063946723938
0.6958251595497131
0.7125347852706909
0.6032935976982117
0.7008906602859497
0.6197224855422974
0.6701342463493347
0.7271373867988586
0.7314414978027344
0.7873541116714478
0.7024565935134888
0.802514910697937
0.7091728448867798
0.6093688607215881
0.7212837338447571
0.7397894859313965
0.7721719741821289
0.7105966806411743
0.7855162024497986
0.6937594413757324
0.6876529455184937
0.637428879737854
0.8419263958930969
0.6194825172424316
0.6829140186309814
0.7104377746582031
0.5979612469673157
0.7591966390609741
0.7507606148719788
0.6717112064361572
0.7458838820457458
0.7112259268760681
0.7700940370559692
0.6723143458366394
0.8070128560066223
0.756744921207428
0.6788666248321533
0.7465779781341553
0.6520515084266663
0.7621769905090332
0.67684006690979
0.7822988033294678
0.719173789024353
0.6695576310157776
0.7165614366531372
0.6843531131744385
0.7265147566795349
0.7004908919334412
0.7167068719863892
0.5913175344467163
0.7298682332038879
0.7089457511901855
0.78559410572052
0.6758856773376465
0.7627190351486206
0.6939598917961121
0.6785337924957275
0.6637364029884338
0.7350559830665588
0.7417937517166138
0.6833429336547852
0.6836276650428772
0.6786665916442871
0.7509137392044067
0.6960989236831665
0.6912038922309875
0.6220744848251343
0.633484423160553
0.6631504893302917
0.7756376266479492
0.8051102161407471
0.5930711030960083
0.7532938718795776
0.6556186079978943
0.7605453729629517
0.7708858251571655
0.6813361644744873
0.6405233144760132
0.6297179460525513
0.7114992737770081
0.6171880960464478
0.7490475177764893
0.6253105401992798
0.7200244665145874
0.6467090845108032
0.7090737819671631
0.6465830206871033
0.7006032466888428
0.6456846594810486
0.6713478565216064
0.6604160070419312
0.6784637570381165
0.7963676452636719
0.6028307676315308
0.8264729380607605
0.6131254434585571
0.7117387652397156
0.6794246435165405
0.6877327561378479
0.6169699430465698
0.736302375793457
0.7705258131027222
0.6430781483650208
0.774313747882843
0.7500821352005005
0.6859419345855713
0.6942160129547119
0.6861743330955505
0.6701717376708984
0.6468232870101929
0.6583630442619324
0.6691696047782898
0.7620604634284973
0.7417766451835632
0.6225264072418213
0.8421785831451416
0.6182727813720703
0.6861087083816528
0.7436806559562683
0.7765144109725952
0.694455087184906
0.635091245174408
0.7115722894668579
0.6620005965232849
0.6381200551986694
0.7009890675544739
0.6794771552085876
0.7159161567687988
0.8155580759048462
0.7754900455474854
0.7145593166351318
0.6873244643211365
0.6970731616020203
0.9049897789955139
0.6171007752418518
0.8414599895477295
0.6245218515396118
0.6596969962120056
0.6758211255073547
0.7801946997642517
0.6805595755577087
0.6175236701965332
0.77610182762146
0.6688352823257446
0.6837669014930725
0.7583900690078735
0.7167544364929199
0.7470583915710449
0.6388791799545288
0.705213189125061
0.6914814710617065
0.719202995300293
0.6843395829200745
0.6834378242492676
0.7673711180686951
0.7308728694915771
0.7094751596450806
0.6418261528015137
0.8140615224838257
0.5704628825187683
0.7864879965782166
0.7180513143539429
0.6721817851066589
0.7467348575592041
0.6739001274108887
0.6810453534126282
0.6029883623123169
0.6944827437400818
0.6529821157455444
0.6036487817764282
0.8418610095977783
0.6958693265914917
0.7217427492141724
0.6691035628318787
0.7711795568466187
0.7300013303756714
0.7270786762237549
0.6106559634208679
0.6868603229522705
0.7497310638427734
0.7300567626953125
0.6812767386436462
0.84852534532547
0.6329236030578613
0.8104537725448608
0.6059984564781189
0.6900593638420105
0.7775216698646545
0.6494358777999878
0.6756343245506287
0.8354783058166504
0.7861342430114746
0.8019786477088928
0.7042359113693237
0.7717740535736084
0.641594648361206
0.6841906309127808
0.7735548615455627
0.6914202570915222
0.5724779963493347
0.6699390411376953
0.7396976351737976
0.7035925388336182
0.6940023303031921
0.6621116995811462
0.753650426864624
0.7125985622406006
0.7669923305511475
0.7348743677139282
0.7873327136039734
0.8006165623664856
0.6654868125915527
0.7098270058631897
0.756966233253479
0.6933450698852539
0.7130095362663269
0.7716752290725708
0.6889380216598511
0.6085501313209534
0.6860455274581909
0.701494038105011
0.6632063388824463
0.6522286534309387
0.6345477104187012
0.6984894275665283
0.6799953579902649
0.637111246585846
0.794058084487915
0.7098442316055298
0.681397020816803
0.9027250409126282
0.7604321241378784
0.7004646062850952
0.6934190392494202
0.8268440961837769
0.6736164093017578
0.6662939190864563
0.6333014965057373
0.5999035835266113
0.6865043640136719
0.6886855363845825
0.5827146768569946
0.6821309328079224
0.656042218208313
0.7540389895439148
0.6666757464408875
0.6448853015899658
0.6680477857589722
0.801156759262085
0.7357683181762695
0.6584693789482117
0.7272694110870361
0.6730602383613586
0.7613608241081238
0.7116183042526245
0.7144559621810913
0.7333132028579712
0.6679840683937073
0.6691502332687378
0.6807200908660889
0.6790483593940735
0.7055256366729736
0.6765393018722534
0.7072902917861938
0.8147172927856445
0.8196614980697632
0.6459970474243164
0.597621738910675
0.7422561645507812
0.6306024193763733
0.7427827715873718
0.6531130075454712
0.7651363611221313
0.6973592042922974
0.5808137059211731
0.6796215772628784
0.7572481632232666
0.6606389880180359
0.7809107303619385
0.71617192029953
0.828516960144043
0.7255420088768005
0.9193826913833618
0.7406072616577148
0.6810014843940735
0.699598491191864
0.7591913342475891
0.8837406635284424
0.6787847280502319
0.7678524255752563
0.8074026107788086
0.681584894657135
0.6493709087371826
0.6699477434158325
0.8384150266647339
0.7211006879806519
0.6252653002738953
0.7016504406929016
0.6574480533599854
0.8177350759506226
0.7569522261619568
0.7935201525688171
0.7207256555557251
0.8172476291656494
0.6392578482627869
0.7122766971588135
0.8204757571220398
0.6939114332199097
0.6731911897659302
0.6900908350944519
0.7919559478759766
0.794213056564331
0.7006609439849854
0.6795713305473328
0.7085524797439575
0.7215866446495056
0.7121286988258362
0.6135058999061584
0.6315329670906067
0.7408015727996826
0.6362572312355042
0.7286185622215271
0.6334981918334961
0.7732580900192261
0.6640663743019104
0.6295888423919678
0.6507639288902283
0.8376009464263916
0.6130085587501526
0.8206924200057983
0.6903920769691467
0.7257952690124512
0.741122305393219
0.6410025954246521
0.7828185558319092
0.8044751286506653
0.6071809530258179
0.7359011173248291
0.8349772095680237
0.6336722373962402
0.7852373123168945
0.7141469717025757
0.6554876565933228
0.8122274875640869
0.7857373952865601
0.7209773659706116
0.7250999212265015
0.7330256700515747
0.6841743588447571
0.7183361649513245
0.6305181384086609
0.7055583000183105
0.7483782768249512
0.7093700766563416
0.6661034226417542
0.6708221435546875
0.6612227559089661
0.7177602052688599
0.5875363349914551
0.6502774953842163
0.7458142638206482
0.6824973821640015
0.7274643182754517
0.667609453201294
0.7979109287261963
0.6851827502250671
0.7160288095474243
0.7348182797431946
0.653628945350647
0.6406570076942444
0.7810784578323364
0.6765612363815308
0.6839797496795654
0.8018312454223633
0.6723048686981201
0.7681676745414734
0.7606396079063416
0.7896038293838501
0.8587560653686523
0.7105892896652222
0.7204240560531616
0.7121843695640564
0.7761025428771973
0.717323899269104
0.861082136631012
0.7470729351043701
0.6690894365310669
0.6814957857131958
0.7658701539039612
0.792567253112793
0.6963319778442383
0.606467068195343
0.7040526270866394
0.7282329797744751
0.6260831356048584
0.8139020204544067
0.6921584606170654
0.7339327335357666
0.8491318225860596
0.7496918439865112
0.7183722257614136
0.7851519584655762
0.6048414707183838
0.7107060551643372
0.7102231979370117
0.6949896216392517
0.8252372741699219
0.716905951499939
0.7697606086730957
0.6958248615264893
0.6913062334060669
0.6673961281776428
0.6919937133789062
0.6720597743988037
0.936708927154541
0.6170617938041687
0.8133264183998108
0.7601743340492249
0.6629967093467712
0.5952544808387756
0.9039178490638733
0.6481592655181885
0.8256874084472656
0.8001692295074463
0.6541426181793213
0.6322872638702393
0.6854565143585205
0.7153104543685913
0.6633870601654053
0.7454949617385864
0.7237801551818848
0.6684045791625977
0.704513430595398
0.773527979850769
0.8033789396286011
0.7163935303688049
0.6733663082122803
0.8233641982078552
0.6652109622955322
0.7088141441345215
0.6863101720809937
0.6944894790649414
0.6115153431892395
0.6251665949821472
0.6518648266792297
0.5824586153030396
0.5976662635803223
0.8195511698722839
0.6695935726165771
0.8499624729156494
0.6468899846076965
0.6150856018066406
0.8134022355079651
0.6143616437911987
0.6385631561279297
0.63186115026474
0.7354579567909241
0.7487914562225342
0.7387223839759827
0.6876000165939331
0.6415215730667114
0.6394596099853516
0.6830041408538818
0.7109681367874146
0.7094853520393372
0.6771186590194702
0.6492098569869995
0.7295335531234741
0.7390566468238831
0.6871923804283142
0.7266137599945068
0.7650779485702515
0.7068816423416138
0.591289222240448
0.797529935836792
0.7793171405792236
0.7491969466209412
0.8378660082817078
0.6428502798080444
0.6988751292228699
0.8516713380813599
0.6565555334091187
0.5784982442855835
0.8660604953765869
0.6842234134674072
0.7054060101509094
0.7386062145233154
0.7404653429985046
0.7008117437362671
0.599614143371582
0.6225411295890808
0.606200098991394
0.6895030736923218
0.7052115201950073
0.7178413271903992
0.7415908575057983
0.606626570224762
0.6721992492675781
0.7351857423782349
0.7296920418739319
0.6575419902801514
0.703020453453064
0.7249792218208313
0.6525367498397827
0.7354761362075806
0.774516224861145
0.7201768159866333
0.7535062432289124
0.7686243057250977
0.7628797292709351
0.8893507719039917
0.6830450296401978
0.6782252788543701
0.7481260299682617
0.599502444267273
0.6132594347000122
0.715836763381958
0.7082335352897644
0.7745572328567505
0.667554497718811
0.7602430582046509
0.7765642404556274
0.657849907875061
0.7729357481002808
0.5860780477523804
0.6321976184844971
0.7485078573226929
0.713619589805603
0.6675025820732117
0.6871371865272522
0.6733076572418213
0.7595688700675964
0.7088714241981506
0.7630821466445923
0.6611426472663879
0.7422795295715332
0.7185010313987732
0.6889471411705017
0.6861772537231445
0.6565039753913879
0.5873839855194092
0.6640630960464478
0.6744660139083862
0.7415955066680908
0.7537420988082886
0.6177130341529846
0.6665851473808289
0.8461652994155884
0.6947613954544067
0.6472730040550232
0.7010214328765869
0.6407881379127502
0.7401173114776611
0.6607075929641724
0.9053163528442383
0.7989403009414673
0.6364384293556213
0.6252318024635315
0.7019545435905457
0.6285727024078369
0.7614834904670715
0.6664490699768066
0.6640685796737671
0.6483182907104492
0.7147858142852783
0.8195434212684631
0.7866427898406982
0.828782856464386
0.7671248912811279
0.6466626524925232
0.6521915793418884
0.7120195031166077
0.6957747936248779
0.7595126032829285
0.7198763489723206
0.7344792485237122
0.8703161478042603
0.6278610229492188
0.646507203578949
0.808262825012207
0.7307318449020386
0.639631450176239
0.7199316024780273
0.8841862082481384
0.8599920272827148
0.7634078860282898
0.8366787433624268
0.6919507384300232
0.6777255535125732
0.8714837431907654
0.7368534207344055
0.6146113872528076
0.7228146195411682
0.6469707489013672
0.6147242784500122
0.6787872314453125
0.6532799601554871
0.7173930406570435
0.6518478989601135
0.7393275499343872
0.734910786151886
0.614745020866394
0.6302491426467896
0.847588837146759
0.6612962484359741
0.7809997797012329
0.8619972467422485
0.8295170068740845
0.6280595660209656
0.6857179999351501
0.7004982829093933
0.7806723713874817
0.54771488904953
0.7108971476554871
0.6613686680793762
0.7255365252494812
0.6827149391174316
0.6640885472297668
0.7746181488037109
0.6055552363395691
0.7025214433670044
0.763577401638031
0.6383398175239563
0.6847631335258484
0.6256634593009949
