0.9883142709732056
0.7099817991256714
0.7405536770820618
0.7358359098434448
0.7341254353523254
0.7760840058326721
0.7023191452026367
0.7621820569038391
0.6985617280006409
0.8207002282142639
0.6850128173828125
0.6963809728622437
0.6662597060203552
0.7592241764068604
0.7203442454338074
0.6812246441841125
0.7265268564224243
0.723889946937561
0.5993438363075256
0.7350407242774963
0.7985272407531738
0.7981275320053101
0.7010859251022339
0.6881705522537231
0.6840872168540955
0.6580409407615662
0.7376020550727844
0.7338013648986816
0.7853137850761414
0.6471176147460938
0.7225408554077148
0.6408193111419678
0.642829179763794
0.8618172407150269
0.765201210975647
0.701483428478241
0.7168396711349487
0.6488336324691772
0.702804446220398
0.6934488415718079
0.6913763880729675
0.8832114934921265
0.7549588084220886
0.7365544438362122
0.6951117515563965
0.5919668674468994
0.7476028203964233
0.6518850326538086
0.6622830629348755
0.6506463885307312
0.7465035915374756
0.7552017569541931
0.8091983795166016
0.6455445289611816
0.637698769569397
0.6398937106132507
0.730118453502655
0.6688629984855652
0.6727036833763123
0.6606690883636475
0.6997144222259521
0.7104143500328064
0.7133828401565552
0.7046751976013184
0.7090094089508057
0.7591903209686279
0.7685415744781494
0.6122267246246338
0.8609561920166016
0.7804380655288696
0.7295238971710205
0.7209566235542297
0.651796817779541
0.7248982191085815
0.6321051716804504
0.6450987458229065
0.7110059261322021
0.7840440273284912
0.7208981513977051
0.7952003479003906
0.8685770034790039
0.7101315855979919
0.6882615685462952
0.6909660696983337
0.7536484003067017
0.6913119554519653
0.6524943113327026
0.634737491607666
0.7064132690429688
0.8132756948471069
0.7533808350563049
0.6417029500007629
0.7113695740699768
0.7153973579406738
0.6347826719284058
0.7381972074508667
0.7054284811019897
0.8373395204544067
0.7375160455703735
0.752037763595581
0.6409867405891418
0.7187153100967407
0.6987468600273132
0.7422534227371216
0.7228509187698364
0.6426473259925842
0.7688794732093811
0.6182093620300293
0.7133179903030396
0.7057452201843262
0.7792736887931824
0.6622462868690491
0.7496528029441833
0.6447337865829468
0.6601225137710571
0.6549553275108337
0.6681898236274719
0.6180782318115234
0.7837857604026794
0.6254894733428955
0.711595356464386
0.604655385017395
0.6820812225341797
0.7292365431785583
0.7630757093429565
0.6999002695083618
0.7438889145851135
0.603142499923706
0.6766809821128845
0.6441779136657715
0.6147138476371765
0.7397467494010925
0.7787436246871948
0.7032631635665894
0.6183494925498962
0.8046531081199646
0.689410388469696
0.6299041509628296
0.7011628746986389
0.5981535911560059
0.728996217250824
0.666483461856842
0.7527100443840027
0.6876332759857178
0.6740894913673401
0.6588807702064514
0.6881527304649353
0.7918983697891235
0.6039202809333801
0.8048443794250488
0.7417565584182739
0.6972309350967407
0.5955287218093872
0.7116628885269165
0.6366519927978516
0.623621940612793
0.6645935773849487
0.6390108466148376
0.809688150882721
0.6899687647819519
0.7401241064071655
0.8602299094200134
0.7874233722686768
0.6593131422996521
0.8192660808563232
0.8507593870162964
0.7476729154586792
0.6155407428741455
0.743179976940155
0.7437061071395874
0.5398379564285278
0.6313254833221436
0.6829804182052612
0.7778897285461426
0.6713672280311584
0.6514992713928223
0.6738325357437134
0.8103896379470825
0.8959603309631348
0.6404203176498413
0.6673356294631958
0.7210929989814758
0.6976817846298218
0.7500464916229248
0.7247002720832825
0.632875382900238
0.6304928064346313
0.6688387393951416
0.6047574281692505
0.7210795879364014
0.8128923177719116
0.6496782302856445
0.7275030612945557
0.7237758636474609
0.8237802982330322
0.702322781085968
0.7568324208259583
0.7064854502677917
0.6478026509284973
0.7139809131622314
0.6423619389533997
0.8279871940612793
0.7472996711730957
0.6541809439659119
0.77576744556427
0.7328512668609619
0.6449649333953857
0.8049853444099426
0.7138766050338745
0.6671780347824097
0.7000014185905457
0.7043211460113525
0.7532921433448792
0.8441474437713623
0.529912531375885
0.7015904188156128
0.7394847869873047
0.6601211428642273
0.6722877621650696
0.6927025318145752
0.9098650217056274
0.7082172632217407
0.6835759878158569
0.724183201789856
0.7302031517028809
0.6832804679870605
0.7371626496315002
0.6933640837669373
0.7278406620025635
0.7128380537033081
0.6527281999588013
0.8152137398719788
0.7636076211929321
0.7318210601806641
0.7915016412734985
0.7730108499526978
0.7736644744873047
0.7508057355880737
0.7161692976951599
0.7000599503517151
0.6851967573165894
0.5631765127182007
0.7477514743804932
0.638965904712677
0.8545380234718323
0.686695396900177
0.7546820640563965
0.7251737713813782
0.7050499320030212
0.6956486105918884
0.6600717306137085
0.6762735843658447
0.835456371307373
0.7609207034111023
0.6703899502754211
0.7136992812156677
0.6473934054374695
0.9073324203491211
0.6813418865203857
0.6390872597694397
0.7110661268234253
0.6631760001182556
0.8865644335746765
0.6847332715988159
0.6653546094894409
0.6617068648338318
0.7126325964927673
0.687989354133606
0.6523275971412659
0.7475420832633972
0.6999278664588928
0.7173721790313721
0.6718804836273193
0.7500731945037842
0.6437906622886658
0.5639611482620239
0.8025846481323242
0.6543283462524414
0.6887553930282593
0.7683757543563843
0.6511510610580444
0.802887499332428
0.8177186250686646
0.6936933994293213
0.6821296811103821
0.6660414338111877
0.6721492409706116
0.8375167846679688
0.6462441086769104
0.6873765587806702
0.757149338722229
0.6736708879470825
0.6779413223266602
0.7510705590248108
0.6541656851768494
0.6281042695045471
0.6745391488075256
0.6751288771629333
0.7666928172111511
0.7364052534103394
0.6747617125511169
0.8016586303710938
0.6221414804458618
0.735877275466919
0.6894165277481079
0.6353707313537598
0.6716537475585938
0.671908438205719
0.6350411772727966
0.7854585647583008
0.6686663627624512
0.7306438088417053
0.6684500575065613
0.7938064336776733
0.6281373500823975
0.7568563222885132
0.6809463500976562
0.643971860408783
0.716575026512146
0.6710603833198547
0.6728305220603943
0.7546114325523376
0.7300306558609009
0.6830562949180603
0.7848666906356812
0.654653787612915
0.6032719016075134
0.5752819180488586
0.6599037647247314
0.7541800737380981
0.61353600025177
0.6857288479804993
0.6473158001899719
0.6390169858932495
0.7658798694610596
0.6891831159591675
0.6598941087722778
0.8347502946853638
0.7378680109977722
0.7418327331542969
0.668797492980957
0.6901149153709412
0.7299575805664062
0.6157177090644836
0.7128638029098511
0.6559830904006958
0.7315349578857422
0.6771690249443054
0.7924031615257263
0.785626232624054
0.6599932909011841
0.6559123396873474
0.7137684226036072
0.8326528668403625
0.6486297845840454
0.8232097029685974
0.6545157432556152
0.6581133604049683
0.7301278114318848
0.6596630811691284
0.7433745861053467
0.8563758730888367
0.7150200605392456
0.6639142632484436
0.7416104674339294
0.7358201742172241
0.6491698622703552
0.856280505657196
0.708102822303772
0.7107705473899841
0.6289817094802856
0.7725682854652405
0.7668297290802002
0.6289224624633789
0.7509298324584961
0.6506451964378357
0.8995696306228638
0.6606663465499878
0.7096552848815918
0.6737253069877625
0.7466386556625366
0.6248024702072144
0.8338874578475952
0.7098168134689331
0.7764159440994263
0.7152542471885681
0.6439468264579773
0.724234938621521
0.6213085651397705
0.6657516956329346
0.6607850790023804
0.678537905216217
0.8730340003967285
0.7032169103622437
0.674898624420166
0.7822067737579346
0.7249253392219543
0.7524740695953369
0.7017650008201599
0.6948621273040771
0.620307981967926
0.7034531831741333
0.7415308952331543
0.6103528738021851
0.6457729339599609
0.7361103296279907
0.6837131977081299
0.6051826477050781
0.8356748223304749
0.5891346335411072
0.6044368147850037
0.6552137732505798
0.7196970582008362
0.7413878440856934
0.6347533464431763
0.6858587861061096
0.6224558353424072
0.6427041292190552
0.683093786239624
0.7636851668357849
0.70817631483078
0.7601044774055481
0.6342498660087585
0.7838537693023682
0.6212982535362244
0.6977205872535706
0.6668283343315125
0.6770934462547302
0.6235017776489258
0.6947049498558044
0.6976126432418823
0.7064118385314941
0.8559525012969971
0.7778394222259521
0.7467586398124695
0.7789593935012817
0.7855119705200195
0.6598339676856995
0.7957236766815186
0.7681814432144165
0.6856823563575745
0.6409376859664917
0.6491163969039917
0.6068863272666931
0.8191857933998108
0.7005970478057861
0.7183222770690918
0.9395410418510437
0.6164140105247498
0.8261508941650391
0.7348132133483887
0.6807419061660767
0.641873300075531
0.6691437363624573
0.6810229420661926
0.8274786472320557
0.7120449542999268
0.7021479606628418
0.6329445838928223
0.6739166975021362
0.7220984101295471
0.6694236397743225
0.7094706892967224
0.6811015009880066
0.6348230838775635
0.7333033084869385
0.6543331742286682
0.7009632587432861
0.6808937788009644
0.8136686086654663
0.6272557377815247
0.7798784971237183
0.6560829281806946
0.6770782470703125
0.6660623550415039
0.7125425934791565
0.6916662454605103
0.6646887063980103
0.6341081857681274
0.6558181047439575
0.6693478226661682
0.6787362694740295
0.863010048866272
0.7973638772964478
0.7956010699272156
0.6515177488327026
0.6797052621841431
0.6761098504066467
0.6011825799942017
0.6901986598968506
0.7656756043434143
0.7068210244178772
0.6863324046134949
0.7297426462173462
0.7874233722686768
0.6983555555343628
0.7192797660827637
0.7410683631896973
0.6780873537063599
0.7290115356445312
0.7727868556976318
0.7388548254966736
0.7463661432266235
0.6326998472213745
0.7220388650894165
0.5923277139663696
0.806293249130249
0.8192423582077026
0.7756047248840332
0.7383926510810852
0.7337188720703125
0.6467011570930481
0.8132874965667725
0.6827427744865417
0.6291990280151367
0.7474974393844604
0.7385910153388977
0.937727689743042
0.7171646952629089
0.6447317600250244
0.7147364616394043
0.693623423576355
0.8011910915374756
0.8438135385513306
0.734390377998352
0.8142266273498535
0.7619300484657288
0.6801897287368774
0.7359939217567444
0.6493467092514038
0.5909247398376465
0.6768214106559753
0.795151948928833
0.6359553933143616
0.7730039358139038
0.7806938886642456
0.930675745010376
0.8151900768280029
0.6784205436706543
0.6804137229919434
0.6875483989715576
0.714236319065094
0.7085238695144653
0.7021622657775879
0.6716046333312988
0.7082430124282837
0.7159436941146851
0.6651520133018494
0.6460736989974976
0.6906023025512695
0.692550003528595
0.6277197003364563
0.6851956844329834
0.7667052745819092
0.6681548357009888
0.949744701385498
0.674018383026123
0.6428921222686768
0.6890676617622375
0.6841816902160645
0.6902751922607422
0.7268606424331665
0.6410335302352905
0.7022033929824829
0.6982459425926208
0.7327730655670166
0.6268091201782227
0.7920604348182678
0.7353338599205017
0.8474363684654236
0.6870052814483643
0.6240979433059692
0.7128600478172302
0.714239776134491
0.6407313942909241
0.661959707736969
0.8717043995857239
0.6814902424812317
0.7305102348327637
0.7382698655128479
0.6514988541603088
0.7192509770393372
0.6773013472557068
0.6561723947525024
0.6742191314697266
0.7777751088142395
0.642318844795227
0.6204490065574646
0.7575838565826416
0.7012016773223877
0.6531423330307007
0.7524889707565308
0.6431958079338074
0.6714763045310974
0.760778546333313
0.6983262300491333
0.7834882736206055
0.6218214631080627
0.6843105554580688
0.6947551965713501
0.7036310434341431
0.6898288726806641
0.610853374004364
0.6964133977890015
0.7055429816246033
0.7523854970932007
0.6685765981674194
0.6634436249732971
0.7121787667274475
0.6824361681938171
0.7337577939033508
0.6860373020172119
0.6999750137329102
0.7732864618301392
0.7101606726646423
0.6380755305290222
0.8123053908348083
0.7463085055351257
0.6437385678291321
0.8766558170318604
0.7789422273635864
0.7640131711959839
0.6118291616439819
0.668493926525116
0.697455883026123
0.6719664335250854
0.7388156056404114
0.6722711324691772
0.6283093690872192
0.5988025069236755
0.6206451654434204
0.6336812973022461
0.6517083644866943
0.8068418502807617
0.8959220051765442
0.7993888854980469
0.7955913543701172
0.6295983791351318
0.7729822993278503
0.7162635326385498
0.6518815159797668
0.8083035349845886
0.765178918838501
0.6722036004066467
0.7897714376449585
0.7454957962036133
0.6648943424224854
0.7466983199119568
0.8355690240859985
0.6795079708099365
0.7239355444908142
0.7831202149391174
0.6353241205215454
0.6893384456634521
0.6289904117584229
0.6773773431777954
0.6919962167739868
0.6730096936225891
0.6803625226020813
0.7942796945571899
0.7815890312194824
0.6262257695198059
0.7277082204818726
0.7046972513198853
0.8858290910720825
0.7077515125274658
0.6759031414985657
0.7361398339271545
0.750014066696167
0.6960358619689941
0.8101730346679688
0.689039945602417
0.741228461265564
0.7283545136451721
0.7621170282363892
0.7365128993988037
0.685608983039856
0.7153708934783936
0.6845631003379822
0.7162011861801147
0.7770079970359802
0.6521790623664856
0.6510604023933411
0.6348163485527039
0.698159396648407
0.8706551790237427
0.7336376905441284
0.6283140182495117
0.6736222505569458
0.82124924659729
0.7297942042350769
0.6643685102462769
0.7128385305404663
0.8070315718650818
0.7880616188049316
0.6827496290206909
0.6367008090019226
0.6702799201011658
0.659294843673706
0.6785053014755249
0.6939794421195984
0.8630335927009583
0.712114691734314
0.660598874092102
0.8209944367408752
0.7325078845024109
0.6975089311599731
0.7683209180831909
0.7795236706733704
0.7065157294273376
0.8434692025184631
0.764129638671875
0.7243618965148926
0.6679558157920837
0.7178703546524048
0.727737307548523
0.6991472840309143
0.7431442737579346
0.7282859086990356
0.6237808465957642
0.7089955806732178
0.7082944512367249
0.7792844772338867
0.7236266732215881
0.7732715606689453
0.7443566918373108
0.62408447265625
0.65840744972229
0.7622542381286621
0.7107076644897461
0.6511949300765991
0.7051175832748413
0.6324524879455566
0.6961457133293152
0.616974413394928
0.621993362903595
0.7628430128097534
0.7167164087295532
0.7111861705780029
0.6787359714508057
0.6339462995529175
0.6246044635772705
0.7379560470581055
0.7280513048171997
0.6588777303695679
0.6219491362571716
0.8274377584457397
0.6880680322647095
0.6727814078330994
0.7394847869873047
0.6535877585411072
0.7326669096946716
0.7923589944839478
0.7438110113143921
0.6871910095214844
0.7654747366905212
0.6250389218330383
0.662097156047821
0.686187744140625
0.7186706066131592
0.6611210703849792
0.6055569648742676
0.7656936645507812
0.6656692624092102
0.681773841381073
0.6119836568832397
0.6803618669509888
0.625454306602478
0.6140474081039429
0.7364246249198914
0.6420440673828125
0.685910701751709
0.7580728530883789
0.6703935861587524
0.6645947098731995
0.6105286478996277
0.7397624254226685
0.6303431987762451
0.649202823638916
0.648518443107605
0.7478424310684204
0.7504258751869202
0.7210978269577026
0.6423509120941162
0.6903113126754761
0.9883142709732056
0.7099817991256714
0.7405536770820618
0.7358359098434448
0.7341254353523254
0.7760840058326721
0.7023191452026367
0.7621820569038391
0.6985617280006409
0.8207002282142639
0.6850128173828125
0.6963809728622437
0.6662597060203552
0.7592241764068604
0.7203442454338074
0.6812246441841125
0.7265268564224243
0.723889946937561
0.5993438363075256
0.7350407242774963
0.7985272407531738
0.7981275320053101
0.7010859251022339
0.6881705522537231
0.6840872168540955
0.6580409407615662
0.7376020550727844
0.7338013648986816
0.7853137850761414
0.6471176147460938
0.7225408554077148
0.6408193111419678
0.642829179763794
0.8618172407150269
0.765201210975647
0.701483428478241
0.7168396711349487
0.6488336324691772
0.702804446220398
0.6934488415718079
0.6913763880729675
0.8832114934921265
0.7549588084220886
0.7365544438362122
0.6951117515563965
0.5919668674468994
0.7476028203964233
0.6518850326538086
0.6622830629348755
0.6506463885307312
0.7465035915374756
0.7552017569541931
0.8091983795166016
0.6455445289611816
0.637698769569397
0.6398937106132507
0.730118453502655
0.6688629984855652
0.6727036833763123
0.6606690883636475
0.6997144222259521
0.7104143500328064
0.7133828401565552
0.7046751976013184
0.7090094089508057
0.7591903209686279
0.7685415744781494
0.6122267246246338
0.8609561920166016
0.7804380655288696
0.7295238971710205
0.7209566235542297
0.651796817779541
0.7248982191085815
0.6321051716804504
0.6450987458229065
0.7110059261322021
0.7840440273284912
0.7208981513977051
0.7952003479003906
0.8685770034790039
0.7101315855979919
0.6882615685462952
0.6909660696983337
0.7536484003067017
0.6913119554519653
0.6524943113327026
0.634737491607666
0.7064132690429688
0.8132756948471069
0.7533808350563049
0.6417029500007629
0.7113695740699768
0.7153973579406738
0.6347826719284058
0.7381972074508667
0.7054284811019897
0.8373395204544067
0.7375160455703735
0.752037763595581
0.6409867405891418
0.7187153100967407
0.6987468600273132
0.7422534227371216
0.7228509187698364
0.6426473259925842
0.7688794732093811
0.6182093620300293
0.7133179903030396
0.7057452201843262
0.7792736887931824
0.6622462868690491
0.7496528029441833
0.6447337865829468
0.6601225137710571
0.6549553275108337
0.6681898236274719
0.6180782318115234
0.7837857604026794
0.6254894733428955
0.711595356464386
0.604655385017395
0.6820812225341797
0.7292365431785583
0.7630757093429565
0.6999002695083618
0.7438889145851135
0.603142499923706
0.6766809821128845
0.6441779136657715
0.6147138476371765
0.7397467494010925
0.7787436246871948
0.7032631635665894
0.6183494925498962
0.8046531081199646
0.689410388469696
0.6299041509628296
0.7011628746986389
0.5981535911560059
0.728996217250824
0.666483461856842
0.7527100443840027
0.6876332759857178
0.6740894913673401
0.6588807702064514
0.6881527304649353
0.7918983697891235
0.6039202809333801
0.8048443794250488
0.7417565584182739
0.6972309350967407
0.5955287218093872
0.7116628885269165
0.6366519927978516
0.623621940612793
0.6645935773849487
0.6390108466148376
0.809688150882721
0.6899687647819519
0.7401241064071655
0.8602299094200134
0.7874233722686768
0.6593131422996521
0.8192660808563232
0.8507593870162964
0.7476729154586792
0.6155407428741455
0.743179976940155
0.7437061071395874
0.5398379564285278
0.6313254833221436
0.6829804182052612
0.7778897285461426
0.6713672280311584
0.6514992713928223
0.6738325357437134
0.8103896379470825
0.8959603309631348
0.6404203176498413
0.6673356294631958
0.7210929989814758
0.6976817846298218
0.7500464916229248
0.7247002720832825
0.632875382900238
0.6304928064346313
0.6688387393951416
0.6047574281692505
0.7210795879364014
0.8128923177719116
0.6496782302856445
0.7275030612945557
0.7237758636474609
0.8237802982330322
0.702322781085968
0.7568324208259583
0.7064854502677917
0.6478026509284973
0.7139809131622314
0.6423619389533997
0.8279871940612793
0.7472996711730957
0.6541809439659119
0.77576744556427
0.7328512668609619
0.6449649333953857
0.8049853444099426
0.7138766050338745
0.6671780347824097
0.7000014185905457
0.7043211460113525
0.7532921433448792
0.8441474437713623
0.529912531375885
0.7015904188156128
0.7394847869873047
0.6601211428642273
0.6722877621650696
0.6927025318145752
0.9098650217056274
0.7082172632217407
0.6835759878158569
0.724183201789856
0.7302031517028809
0.6832804679870605
0.7371626496315002
0.6933640837669373
0.7278406620025635
0.7128380537033081
0.6527281999588013
0.8152137398719788
0.7636076211929321
0.7318210601806641
0.7915016412734985
0.7730108499526978
0.7736644744873047
0.7508057355880737
0.7161692976951599
0.7000599503517151
0.6851967573165894
0.5631765127182007
0.7477514743804932
0.638965904712677
0.8545380234718323
0.686695396900177
0.7546820640563965
0.7251737713813782
0.7050499320030212
0.6956486105918884
0.6600717306137085
0.6762735843658447
0.835456371307373
0.7609207034111023
0.6703899502754211
0.7136992812156677
0.6473934054374695
0.9073324203491211
0.6813418865203857
0.6390872597694397
0.7110661268234253
0.6631760001182556
0.8865644335746765
0.6847332715988159
0.6653546094894409
0.6617068648338318
0.7126325964927673
0.687989354133606
0.6523275971412659
0.7475420832633972
0.6999278664588928
0.7173721790313721
0.6718804836273193
0.7500731945037842
0.6437906622886658
0.5639611482620239
0.8025846481323242
0.6543283462524414
0.6887553930282593
0.7683757543563843
0.6511510610580444
0.802887499332428
0.8177186250686646
0.6936933994293213
0.6821296811103821
0.6660414338111877
0.6721492409706116
0.8375167846679688
0.6462441086769104
0.6873765587806702
0.757149338722229
0.6736708879470825
0.6779413223266602
0.7510705590248108
0.6541656851768494
0.6281042695045471
0.6745391488075256
0.6751288771629333
0.7666928172111511
0.7364052534103394
0.6747617125511169
0.8016586303710938
0.6221414804458618
0.735877275466919
0.6894165277481079
0.6353707313537598
0.6716537475585938
0.671908438205719
0.6350411772727966
0.7854585647583008
0.6686663627624512
0.7306438088417053
0.6684500575065613
0.7938064336776733
0.6281373500823975
0.7568563222885132
0.6809463500976562
0.643971860408783
0.716575026512146
0.6710603833198547
0.6728305220603943
0.7546114325523376
0.7300306558609009
0.6830562949180603
0.7848666906356812
0.654653787612915
0.6032719016075134
0.5752819180488586
0.6599037647247314
0.7541800737380981
0.61353600025177
0.6857288479804993
0.6473158001899719
0.6390169858932495
0.7658798694610596
0.6891831159591675
0.6598941087722778
0.8347502946853638
0.7378680109977722
0.7418327331542969
0.668797492980957
0.6901149153709412
0.7299575805664062
0.6157177090644836
0.7128638029098511
0.6559830904006958
0.7315349578857422
0.6771690249443054
0.7924031615257263
0.785626232624054
0.6599932909011841
0.6559123396873474
0.7137684226036072
0.8326528668403625
0.6486297845840454
0.8232097029685974
0.6545157432556152
0.6581133604049683
0.7301278114318848
0.6596630811691284
0.7433745861053467
0.8563758730888367
0.7150200605392456
0.6639142632484436
0.7416104674339294
0.7358201742172241
0.6491698622703552
0.856280505657196
0.708102822303772
0.7107705473899841
0.6289817094802856
0.7725682854652405
0.7668297290802002
0.6289224624633789
0.7509298324584961
0.6506451964378357
0.8995696306228638
0.6606663465499878
0.7096552848815918
0.6737253069877625
0.7466386556625366
0.6248024702072144
0.8338874578475952
0.7098168134689331
0.7764159440994263
0.7152542471885681
0.6439468264579773
0.724234938621521
0.6213085651397705
0.6657516956329346
0.6607850790023804
0.678537905216217
0.8730340003967285
0.7032169103622437
0.674898624420166
0.7822067737579346
0.7249253392219543
0.7524740695953369
0.7017650008201599
0.6948621273040771
0.620307981967926
0.7034531831741333
0.7415308952331543
0.6103528738021851
0.6457729339599609
0.7361103296279907
0.6837131977081299
0.6051826477050781
0.8356748223304749
0.5891346335411072
0.6044368147850037
0.6552137732505798
0.7196970582008362
0.7413878440856934
0.6347533464431763
0.6858587861061096
0.6224558353424072
0.6427041292190552
0.683093786239624
0.7636851668357849
0.70817631483078
0.7601044774055481
0.6342498660087585
0.7838537693023682
0.6212982535362244
0.6977205872535706
0.6668283343315125
0.6770934462547302
0.6235017776489258
0.6947049498558044
0.6976126432418823
0.7064118385314941
0.8559525012969971
0.7778394222259521
0.7467586398124695
0.7789593935012817
0.7855119705200195
0.6598339676856995
0.7957236766815186
0.7681814432144165
0.6856823563575745
0.6409376859664917
0.6491163969039917
0.6068863272666931
0.8191857933998108
0.7005970478057861
0.7183222770690918
0.9395410418510437
0.6164140105247498
0.8261508941650391
0.7348132133483887
0.6807419061660767
0.641873300075531
0.6691437363624573
0.6810229420661926
0.8274786472320557
0.7120449542999268
0.7021479606628418
0.6329445838928223
0.6739166975021362
0.7220984101295471
0.6694236397743225
0.7094706892967224
0.6811015009880066
0.6348230838775635
0.7333033084869385
0.6543331742286682
0.7009632587432861
0.6808937788009644
0.8136686086654663
0.6272557377815247
0.7798784971237183
0.6560829281806946
0.6770782470703125
0.6660623550415039
0.7125425934791565
0.6916662454605103
0.6646887063980103
0.6341081857681274
0.6558181047439575
0.6693478226661682
0.6787362694740295
0.863010048866272
0.7973638772964478
0.7956010699272156
0.6515177488327026
0.6797052621841431
0.6761098504066467
0.6011825799942017
0.6901986598968506
0.7656756043434143
0.7068210244178772
0.6863324046134949
0.7297426462173462
0.7874233722686768
0.6983555555343628
0.7192797660827637
0.7410683631896973
0.6780873537063599
0.7290115356445312
0.7727868556976318
0.7388548254966736
0.7463661432266235
0.6326998472213745
0.7220388650894165
0.5923277139663696
0.806293249130249
0.8192423582077026
0.7756047248840332
0.7383926510810852
0.7337188720703125
0.6467011570930481
0.8132874965667725
0.6827427744865417
0.6291990280151367
0.7474974393844604
0.7385910153388977
0.937727689743042
0.7171646952629089
0.6447317600250244
0.7147364616394043
0.693623423576355
0.8011910915374756
0.8438135385513306
0.734390377998352
0.8142266273498535
0.7619300484657288
0.6801897287368774
0.7359939217567444
0.6493467092514038
0.5909247398376465
0.6768214106559753
0.795151948928833
0.6359553933143616
0.7730039358139038
0.7806938886642456
0.930675745010376
0.8151900768280029
0.6784205436706543
0.6804137229919434
0.6875483989715576
0.714236319065094
0.7085238695144653
0.7021622657775879
0.6716046333312988
0.7082430124282837
0.7159436941146851
0.6651520133018494
0.6460736989974976
0.6906023025512695
0.692550003528595
0.6277197003364563
0.6851956844329834
0.7667052745819092
0.6681548357009888
0.949744701385498
0.674018383026123
0.6428921222686768
0.6890676617622375
0.6841816902160645
0.6902751922607422
0.7268606424331665
0.6410335302352905
0.7022033929824829
0.6982459425926208
0.7327730655670166
0.6268091201782227
0.7920604348182678
0.7353338599205017
0.8474363684654236
0.6870052814483643
0.6240979433059692
0.7128600478172302
0.714239776134491
0.6407313942909241
0.661959707736969
0.8717043995857239
0.6814902424812317
0.7305102348327637
0.7382698655128479
0.6514988541603088
0.7192509770393372
0.6773013472557068
0.6561723947525024
0.6742191314697266
0.7777751088142395
0.642318844795227
0.6204490065574646
0.7575838565826416
0.7012016773223877
0.6531423330307007
0.7524889707565308
0.6431958079338074
0.6714763045310974
0.760778546333313
0.6983262300491333
0.7834882736206055
0.6218214631080627
0.6843105554580688
0.6947551965713501
0.7036310434341431
0.6898288726806641
0.610853374004364
0.6964133977890015
0.7055429816246033
0.7523854970932007
0.6685765981674194
0.6634436249732971
0.7121787667274475
0.6824361681938171
0.7337577939033508
0.6860373020172119
0.6999750137329102
0.7732864618301392
0.7101606726646423
0.6380755305290222
0.8123053908348083
0.7463085055351257
0.6437385678291321
0.8766558170318604
0.7789422273635864
0.7640131711959839
0.6118291616439819
0.668493926525116
0.697455883026123
0.6719664335250854
0.7388156056404114
0.6722711324691772
0.6283093690872192
0.5988025069236755
0.6206451654434204
0.6336812973022461
0.6517083644866943
0.8068418502807617
0.8959220051765442
0.7993888854980469
0.7955913543701172
0.6295983791351318
0.7729822993278503
0.7162635326385498
0.6518815159797668
0.8083035349845886
0.765178918838501
0.6722036004066467
0.7897714376449585
0.7454957962036133
0.6648943424224854
0.7466983199119568
0.8355690240859985
0.6795079708099365
0.7239355444908142
0.7831202149391174
0.6353241205215454
0.6893384456634521
0.6289904117584229
0.6773773431777954
0.6919962167739868
0.6730096936225891
0.6803625226020813
0.7942796945571899
0.7815890312194824
0.6262257695198059
0.7277082204818726
0.7046972513198853
0.8858290910720825
0.7077515125274658
0.6759031414985657
0.7361398339271545
0.750014066696167
0.6960358619689941
0.8101730346679688
0.689039945602417
0.741228461265564
0.7283545136451721
0.7621170282363892
0.7365128993988037
0.685608983039856
0.7153708934783936
0.6845631003379822
0.7162011861801147
0.7770079970359802
0.6521790623664856
0.6510604023933411
0.6348163485527039
0.698159396648407
0.8706551790237427
0.7336376905441284
0.6283140182495117
0.6736222505569458
0.82124924659729
0.7297942042350769
0.6643685102462769
0.7128385305404663
0.8070315718650818
0.7880616188049316
0.6827496290206909
0.6367008090019226
0.6702799201011658
0.659294843673706
0.6785053014755249
0.6939794421195984
0.8630335927009583
0.712114691734314
0.660598874092102
0.8209944367408752
0.7325078845024109
0.6975089311599731
0.7683209180831909
0.7795236706733704
0.7065157294273376
0.8434692025184631
0.764129638671875
0.7243618965148926
0.6679558157920837
0.7178703546524048
0.727737307548523
0.6991472840309143
0.7431442737579346
0.7282859086990356
0.6237808465957642
0.7089955806732178
0.7082944512367249
0.7792844772338867
0.7236266732215881
0.7732715606689453
0.7443566918373108
0.62408447265625
0.65840744972229
0.7622542381286621
0.7107076644897461
0.6511949300765991
0.7051175832748413
0.6324524879455566
0.6961457133293152
0.616974413394928
0.621993362903595
0.7628430128097534
0.7167164087295532
0.7111861705780029
0.6787359714508057
0.6339462995529175
0.6246044635772705
0.7379560470581055
0.7280513048171997
0.6588777303695679
0.6219491362571716
0.8274377584457397
0.6880680322647095
0.6727814078330994
0.7394847869873047
0.6535877585411072
0.7326669096946716
0.7923589944839478
0.7438110113143921
0.6871910095214844
0.7654747366905212
0.6250389218330383
0.662097156047821
0.686187744140625
0.7186706066131592
0.6611210703849792
0.6055569648742676
0.7656936645507812
0.6656692624092102
0.681773841381073
0.6119836568832397
0.6803618669509888
0.625454306602478
0.6140474081039429
0.7364246249198914
0.6420440673828125
0.685910701751709
0.7580728530883789
0.6703935861587524
0.6645947098731995
0.6105286478996277
0.7397624254226685
0.6303431987762451
0.649202823638916
0.648518443107605
0.7478424310684204
0.7504258751869202
0.7210978269577026
0.6423509120941162
0.6903113126754761
